0.50502 -0.862377 0.0355041 0.712368 0.86278 0.505535 0.00678203 0.541586 -0.0237972 0.0272072 0.999346 0.771262
0.501627 -0.864377 0.0349549 1.09525 0.864768 0.502126 0.00673546 1.10704 -0.0233738 0.0268492 0.999366 0.748415
0.498116 -0.866474 0.0332357 1.4156 0.866831 0.498562 0.00629709 1.75634 -0.0220263 0.0256731 0.999428 0.723099
0.4942 -0.868783 0.0313688 1.76148 0.869106 0.494592 0.00576826 2.42726 -0.0205261 0.0244121 0.999492 0.725335
0.490191 -0.871037 0.0317744 2.12218 0.871379 0.490581 0.00541907 3.07643 -0.0203081 0.0250312 0.999481 0.733002
0.48625 -0.87326 0.0312985 2.48837 0.873598 0.486623 0.00513457 3.73659 -0.0197144 0.0248457 0.999498 0.696614
0.482019 -0.875686 0.0288581 2.85056 0.875951 0.482365 0.00605584 4.41818 -0.0192231 0.0223592 0.999566 0.682208
0.477908 -0.877997 0.026999 3.22495 0.87819 0.478252 0.00775343 5.11422 -0.0197198 0.0200048 0.999607 0.682102
0.474124 -0.880023 0.0277161 3.60408 0.880181 0.474532 0.0102541 5.83694 -0.022176 0.0195334 0.999565 0.68771
0.470613 -0.881805 0.0307481 3.9794 0.881994 0.471121 0.0116439 6.55408 -0.0247537 0.0216399 0.999461 0.66072
0.46809 -0.883141 0.0309382 4.3563 0.883334 0.468604 0.0117424 7.2742 -0.024868 0.0218323 0.999454 0.618952
0.466685 -0.883887 0.0308656 4.74263 0.88409 0.467187 0.0113214 8.00485 -0.0244268 0.0220044 0.999461 0.610956
0.46503 -0.884727 0.0317631 5.13433 0.884969 0.465537 0.0105749 8.74555 -0.0241428 0.0231918 0.999441 0.612515
0.463225 -0.885644 0.0325925 5.53127 0.885903 0.463755 0.0107383 9.49153 -0.0246252 0.0238996 0.999413 0.589451
0.461809 -0.886306 0.0346385 5.93107 0.886644 0.462363 0.00967883 10.246 -0.0245939 0.0262422 0.999355 0.578432
0.460329 -0.887097 0.0341066 6.32019 0.887462 0.460824 0.00793813 11.0173 -0.022759 0.0266142 0.999389 0.55655
0.458869 -0.887939 0.0318016 6.70182 0.888281 0.459271 0.00628711 11.7916 -0.0201881 0.0253639 0.999476 0.543763
0.457491 -0.888796 0.0274181 7.09842 0.889024 0.457823 0.00695665 12.5795 -0.0187356 0.0211929 0.999602 0.529738
0.456205 -0.889507 0.0257447 7.50706 0.889682 0.456527 0.00803722 13.3733 -0.0189023 0.0192381 0.999638 0.49671
0.45507 -0.890094 0.0255571 7.92201 0.890238 0.455416 0.00947337 14.1816 -0.0200712 0.0184409 0.999631 0.488152
0.453761 -0.89073 0.0266677 8.31873 0.89088 0.454143 0.0102056 15.0087 -0.0212014 0.0191269 0.999594 0.483114
0.453206 -0.891005 0.0269566 8.72798 0.891152 0.453601 0.0105837 15.8268 -0.0216576 0.0192259 0.999583 0.493636
0.451736 -0.891734 0.0275113 9.12657 0.891916 0.452122 0.00953026 16.6372 -0.0209368 0.0202327 0.999578 0.48399
0.450683 -0.892254 0.0279485 9.56036 0.892457 0.451066 0.00897411 17.4475 -0.0206137 0.0208985 0.999571 0.452553
0.450226 -0.892482 0.0280521 9.97896 0.892655 0.450643 0.0104956 18.2687 -0.0220085 0.0203156 0.999553 0.424294
0.45005 -0.892561 0.0283883 10.3862 0.892652 0.450547 0.0142151 19.1083 -0.0254781 0.0189435 0.999498 0.396722
0.45074 -0.892183 0.0293121 10.823 0.892207 0.451321 0.0173331 19.9465 -0.0286934 0.01834 0.999422 0.39878
0.451791 -0.891599 0.0308987 11.2467 0.891569 0.45247 0.020029 20.7789 -0.0318385 0.0184996 0.999324 0.376444
0.452987 -0.890917 0.0329819 11.666 0.890927 0.453734 0.020067 21.6152 -0.0328429 0.0202945 0.999256 0.394697
0.454605 -0.890083 0.0332615 12.0834 0.890161 0.45532 0.0180869 22.4626 -0.0312433 0.0213858 0.999285 0.372112
0.455685 -0.889632 0.0304537 12.4983 0.889749 0.456248 0.0147255 23.3297 -0.0269945 0.0203861 0.99943 0.369565
0.457081 -0.888989 0.0282583 12.9597 0.889124 0.457539 0.0122768 24.1895 -0.023843 0.0195138 0.999528 0.284836
0.457745 -0.888664 0.0277755 13.3861 0.888778 0.4582 0.0127327 25.0658 -0.0240416 0.0188581 0.999535 0.205488
0.457778 -0.888595 0.0294061 13.8361 0.888624 0.458357 0.0171232 25.9277 -0.0286939 0.0182925 0.999423 0.170604
0.45685 -0.888871 0.0349867 14.2618 0.888976 0.457626 0.0183761 26.7979 -0.0323446 0.0227073 0.999221 0.257876
0.45567 -0.889077 0.0439842 14.7477 0.889597 0.456595 0.0133333 27.6549 -0.0319369 0.0330527 0.998945 0.320809
0.454816 -0.889267 0.0487555 15.1969 0.890131 0.455683 0.0077866 28.5441 -0.029141 0.0398574 0.998782 0.253909
0.453586 -0.889967 0.0474293 15.6188 0.890866 0.45429 0.00464587 29.431 -0.0256809 0.0401458 0.998866 0.186727
0.451987 -0.891068 0.0416971 16.0639 0.891707 0.452616 0.00654883 30.3359 -0.0247078 0.0342215 0.999111 0.0739198
0.45111 -0.89149 0.0421722 16.5615 0.892137 0.451763 0.00691162 31.1997 -0.025213 0.0345054 0.999088 0.143805
0.450027 -0.892169 0.0393095 16.9821 0.892593 0.450761 0.0118309 32.1041 -0.0282739 0.0297631 0.999158 0.0416136
0.449073 -0.892664 0.0390093 17.4291 0.893028 0.449851 0.0136367 33.0055 -0.0297208 0.0287124 0.999147 0.172807
0.447664 -0.893198 0.0428119 17.8707 0.893682 0.448554 0.0135285 33.9129 -0.0312865 0.0322038 0.998993 0.116766
0.447492 -0.893299 0.0425144 18.3735 0.893651 0.448489 0.0172908 34.7994 -0.0345126 0.0302553 0.998947 0.00633433
0.447252 -0.893525 0.0402589 18.7644 0.893647 0.448298 0.021889 35.709 -0.0376057 0.026187 0.99895 0.0360885
0.447423 -0.893402 0.0410891 19.2202 0.893564 0.448488 0.0214264 36.6001 -0.0375697 0.0271288 0.998926 0.143605
0.447241 -0.893358 0.0439406 19.6575 0.893712 0.448326 0.0184903 37.5162 -0.0362175 0.0310001 0.998863 0.0921887
0.447576 -0.893326 0.0411205 20.1219 0.893648 0.448517 0.0169507 38.3987 -0.0335849 0.02916 0.99901 0.00886626
0.446874 -0.893705 0.0405167 20.5062 0.894011 0.447794 0.0169329 39.3134 -0.0332753 0.028655 0.999034 -0.12893
0.445696 -0.894238 0.0417484 20.967 0.894566 0.44667 0.01738 40.1864 -0.0341887 0.0295999 0.998976 -0.0925962
0.444737 -0.894674 0.0426307 21.4367 0.894996 0.44577 0.0183478 41.076 -0.0354179 0.0299937 0.998921 -0.106906
0.444647 -0.894692 0.0432127 21.901 0.895101 0.445639 0.0163398 41.9489 -0.0338754 0.0314137 0.99893 0.0227961
0.44448 -0.894897 0.0406075 22.292 0.895357 0.445261 0.0121989 42.8385 -0.0289966 0.0309353 0.999098 0.0304647
0.444134 -0.895225 0.0370167 22.7107 0.89558 0.444814 0.0121786 43.734 -0.027367 0.0277417 0.999237 -0.284648
0.443572 -0.895555 0.0357737 23.1525 0.895787 0.4443 0.0153398 44.595 -0.0296308 0.0252406 0.999238 -0.356033
0.443407 -0.895437 0.040485 23.611 0.895705 0.444361 0.0181682 45.4582 -0.0342573 0.0282059 0.999011 -0.274992
0.44296 -0.895654 0.0405908 24.0041 0.895887 0.443949 0.0192792 46.3408 -0.0352866 0.027824 0.998985 -0.105654
0.443019 -0.89548 0.0436874 24.4915 0.895908 0.444027 0.0163069 47.1982 -0.0339996 0.0319148 0.998907 -0.101682
0.442807 -0.895444 0.0464893 24.8814 0.896053 0.443823 0.0137339 48.0742 -0.0329296 0.0355745 0.998818 -0.222783
0.441909 -0.895885 0.0465673 25.2835 0.896514 0.442909 0.0132386 48.9514 -0.0324839 0.035897 0.998821 -0.296997
0.440871 -0.896176 0.0506339 25.7248 0.896866 0.442111 0.0159089 49.793 -0.0366416 0.0383969 0.998583 -0.522292
0.440083 -0.896315 0.0548727 26.1754 0.897026 0.441638 0.0196619 50.6405 -0.0418557 0.0405682 0.998291 -0.367619
0.439221 -0.896712 0.0552953 26.559 0.897318 0.440909 0.0225233 51.5023 -0.0445757 0.0397235 0.998207 -0.243832
0.438413 -0.89711 0.0552598 26.9779 0.897871 0.439953 0.0189209 52.3634 -0.0412843 0.0413196 0.998282 -0.0411381
0.437539 -0.897235 0.0599706 27.3711 0.898557 0.438849 0.00991621 53.1872 -0.0352134 0.049547 0.99814 -0.175133
0.43655 -0.897966 0.0561288 27.7432 0.899245 0.43752 0.0055029 54.0131 -0.0294969 0.0480698 0.998397 -0.437329
0.435499 -0.898976 0.0474726 28.1402 0.899749 0.436405 0.00997576 54.8372 -0.0296834 0.0383674 0.99881 -0.844497
0.434679 -0.899669 0.041492 28.5588 0.900071 0.435586 0.0153573 55.6531 -0.031888 0.0306685 0.999007 -0.586321
0.433704 -0.900059 0.0432031 28.9093 0.900473 0.434709 0.0166854 56.445 -0.0337969 0.0316648 0.998913 -0.484302
0.432847 -0.900616 0.0401011 29.3033 0.900873 0.433804 0.0186067 57.2451 -0.0341518 0.0280701 0.999007 -0.425538
0.431532 -0.901282 0.0393172 29.6361 0.90151 0.432469 0.0188492 58.0537 -0.0339901 0.0273087 0.999033 -0.474023
0.43011 -0.901991 0.0386371 30.0202 0.902156 0.431061 0.0202263 58.7895 -0.0348971 0.0261549 0.999032 -0.596891
0.428815 -0.902582 0.0392318 30.3961 0.902759 0.429792 0.0203746 59.5423 -0.0352494 0.0266776 0.999005 -0.54374
0.42754 -0.903069 0.041877 30.7459 0.903331 0.428605 0.0201338 60.2836 -0.0361289 0.0292183 0.998901 -0.613331
0.426585 -0.903576 0.0406639 31.0964 0.903666 0.427708 0.0238442 61.0126 -0.0389354 0.0265724 0.998869 -0.750515
0.425161 -0.904163 0.0424964 31.3854 0.904152 0.42646 0.0275676 61.7629 -0.0430468 0.0266997 0.998696 -0.719644
0.42368 -0.904938 0.0407689 31.7054 0.904749 0.424982 0.0306678 62.4525 -0.0450767 0.0238893 0.998676 -0.529921
0.42245 -0.905507 0.0409067 32.0409 0.905421 0.423705 0.028442 63.1218 -0.0430848 0.0250195 0.998736 -0.385387
0.421658 -0.906244 0.0317322 32.3498 0.906099 0.422475 0.0249602 63.8132 -0.0360239 0.0182249 0.999161 -0.253072
0.420636 -0.906745 0.0309768 32.6255 0.906813 0.421296 0.0180748 64.4552 -0.0294371 0.0204844 0.999332 -0.704618
0.420059 -0.907166 0.02612 32.9531 0.907129 0.420591 0.0186462 65.085 -0.0278985 0.0158587 0.99946 -1.08682
0.41957 -0.907389 0.0262447 33.212 0.907282 0.420145 0.021113 65.7142 -0.0301818 0.0149498 0.999406 -1.00594
0.41822 -0.907931 0.0289166 33.4171 0.907797 0.418916 0.0233571 66.3379 -0.0333178 0.0164788 0.999281 -0.895949
0.417493 -0.90832 0.0271432 33.778 0.908181 0.418122 0.022689 66.8768 -0.0319555 0.0151751 0.999346 -0.440858
0.41792 -0.908102 0.0278655 34.1302 0.90817 0.418457 0.0159548 67.414 -0.0261461 0.0186356 0.999455 -0.227577
0.418733 -0.907543 0.0333416 34.3019 0.907905 0.419244 0.00891653 67.9894 -0.022067 0.0265344 0.999374 -0.755579
0.421605 -0.906082 0.036703 34.6865 0.906598 0.422113 0.00618864 68.4417 -0.0210967 0.0306629 0.999275 -0.971878
0.425431 -0.904493 0.0313425 34.8914 0.904734 0.425975 0.0118926 68.9733 -0.0241046 0.0232939 0.999405 -1.22661
0.429823 -0.902286 0.034856 35.0655 0.90256 0.430506 0.013826 69.4915 -0.0274774 0.0255135 0.999263 -0.929906
0.434424 -0.899838 0.0406263 35.2927 0.900191 0.435352 0.0163521 70.0086 -0.0323977 0.0294642 0.999005 -0.98945
0.440978 -0.896339 0.0468725 35.6963 0.896844 0.442163 0.0175344 70.4135 -0.0364388 0.0343014 0.998711 -0.875449
0.45012 -0.89183 0.0459602 35.97 0.892205 0.451355 0.019925 70.8523 -0.0385109 0.0320333 0.998707 -0.805059
0.462708 -0.885545 0.0423242 36.2866 0.885749 0.463844 0.0211385 71.2421 -0.0383478 0.0277035 0.998841 -0.786455
0.477858 -0.877686 0.037399 36.6575 0.877623 0.478885 0.0244665 71.6212 -0.0393809 0.0211262 0.998961 -0.9491
0.496685 -0.867232 0.0359425 36.9776 0.86703 0.497694 0.0267225 71.9836 -0.0410602 0.0178858 0.998955 -0.938702
0.518463 -0.854285 0.038351 37.1741 0.854149 0.519548 0.0256495 72.4084 -0.0418344 0.0194543 0.998892 -0.786996
0.542954 -0.838884 0.0394025 37.6296 0.83869 0.544099 0.0267655 72.6875 -0.0438892 0.018509 0.99882 -0.96873
0.570306 -0.82047 0.0407055 37.9033 0.820242 0.57151 0.0272479 73.0083 -0.045617 0.0178435 0.998754 -0.834256
0.600476 -0.798637 0.0410236 38.1606 0.79826 0.601722 0.0296224 73.3653 -0.0483399 0.0149544 0.998671 -0.991463
0.632848 -0.773233 0.0410887 38.6568 0.772799 0.634081 0.0298491 73.5807 -0.0491315 0.0128576 0.998661 -0.84222
0.667815 -0.743219 0.0414997 39.0042 0.74274 0.669045 0.0297873 73.8354 -0.0499013 0.0109251 0.998644 -1.01179
0.704018 -0.709032 0.0413005 39.1555 0.708499 0.705209 0.0296986 74.1804 -0.0501805 0.00834675 0.998653 -0.981129
0.741332 -0.669937 0.0410563 39.3834 0.669416 0.742468 0.0282186 74.469 -0.0493853 0.00655812 0.998704 -0.906145
0.778919 -0.625845 0.0409613 39.9015 0.625252 0.780015 0.0284439 74.5942 -0.0497496 0.0034491 0.9987 -1.08946
0.815723 -0.577109 0.0402362 40.2076 0.576476 0.81674 0.0279836 74.8395 -0.0490099 0.000361673 0.998741 -0.910561
0.851171 -0.523491 0.039306 40.5299 0.52282 0.852097 0.0275808 75.0043 -0.0479286 -0.00293283 0.998788 -1.02058
0.883097 -0.467596 0.039712 40.6511 0.466961 0.884001 0.0256567 75.2652 -0.0471001 -0.00412035 0.998821 -0.951734
0.911474 -0.409511 0.0400536 41.0202 0.408822 0.912346 0.0255841 75.3786 -0.0470175 -0.00695156 0.998808 -1.12978
0.935822 -0.350217 0.0409578 41.3422 0.349471 0.936686 0.0255207 75.5175 -0.0473003 -0.0095766 0.998771 -1.02921
0.956107 -0.289944 0.0434829 41.7025 0.289031 0.957015 0.0272297 75.6129 -0.0495071 -0.0134744 0.998617 -1.21827
0.97247 -0.229044 0.0441082 42.0936 0.228069 0.973344 0.0272062 75.6828 -0.0491621 -0.0164055 0.998588 -0.868047
0.984619 -0.169112 0.0451188 42.381 0.16821 0.985528 0.0242792 75.7648 -0.0485699 -0.0163243 0.998617 -0.871779
0.99282 -0.11118 0.0454213 42.6356 0.110377 0.99374 0.0210256 75.8476 -0.0474724 -0.015869 0.998675 -0.967519
0.997561 -0.0547559 0.0446653 43.0812 0.0538288 0.998357 0.0229485 75.8033 -0.0458464 -0.0204964 0.998665 -1.34993
0.999071 -0.000340102 0.0445369 43.4336 -0.000663533 0.999784 0.0238024 75.9426 -0.0445332 -0.0238182 0.998649 -0.967724
0.997784 0.0520679 0.0430029 43.8297 -0.0531223 0.998338 0.025122 75.8058 -0.0416211 -0.0273592 0.998682 -0.997632
0.99436 0.0983978 0.0412702 43.9391 -0.0992596 0.994908 0.0208328 75.8782 -0.0390074 -0.0248199 0.998852 -0.681497
0.988957 0.142828 0.0412969 44.6187 -0.143158 0.989742 0.00654185 75.637 -0.0399355 -0.0123886 0.999045 -0.405496
0.982741 0.180461 0.0424337 44.5102 -0.180632 0.983613 0.00155192 75.7747 -0.0414546 -0.00919682 0.999015 -1.18591
0.975747 0.215123 0.0422942 45.2356 -0.215395 0.976584 0.00329156 75.5213 -0.040592 -0.0123288 0.999015 -1.49866
0.968399 0.246317 0.0410271 45.5922 -0.247041 0.96895 0.0150582 75.4224 -0.0360406 -0.0247258 0.998958 -1.73799
0.960755 0.274906 0.0391396 45.8185 -0.275836 0.961007 0.0223726 75.4081 -0.0314595 -0.0322993 0.998895 -1.34113
0.95339 0.299536 0.0384975 46.209 -0.300459 0.953588 0.0226401 75.315 -0.0299255 -0.0331604 0.998912 -0.66394
0.945424 0.324378 0.0333333 46.9786 -0.324894 0.94572 0.0132328 75.0061 -0.0272271 -0.0233477 0.999264 0.434347
0.938542 0.344428 0.0258481 46.989 -0.34472 0.938713 0.0101889 75.0601 -0.0207493 -0.0184796 0.99952 0.0301948
0.931935 0.362593 0.0135837 47.6304 -0.362718 0.931854 0.0141781 74.732 -0.00751068 -0.018146 0.999711 -0.845792
0.925347 0.379087 0.0137129 47.9637 -0.379242 0.925171 0.0187291 74.607 -0.00558041 -0.0225378 0.999632 -1.57917
0.919568 0.392527 0.0219225 48.2163 -0.392856 0.919507 0.0169712 74.4765 -0.0134906 -0.0242255 0.999516 -1.51499
0.913354 0.406882 0.0198792 49.0217 -0.407175 0.913234 0.0181679 74.1493 -0.0107562 -0.0246948 0.999535 -0.759881
0.907908 0.418883 0.0201024 49.265 -0.419202 0.907733 0.0202373 74.0413 -0.00976455 -0.0268076 0.999489 -1.0154
0.902991 0.429392 0.0198835 49.7614 -0.429665 0.902904 0.0164881 73.784 -0.010867 -0.0234385 0.99956 -0.392956
0.898036 0.439202 0.0282371 50.3453 -0.439521 0.898262 0.0081251 73.4897 -0.0217905 -0.0197141 0.99946 0.281659
0.894632 0.446136 0.0275864 50.581 -0.44642 0.894864 0.00696014 73.4168 -0.0215755 -0.0185484 0.999485 0.193149
0.892087 0.451268 0.0265223 51.1732 -0.451495 0.892328 0.00509946 73.0858 -0.0213598 -0.0165301 0.999523 0.366956
0.889428 0.456605 0.0243732 51.8502 -0.45672 0.88968 0.00119549 72.7289 -0.0211326 -0.0122007 0.999588 0.451734
0.886771 0.461818 0.0229228 52.3279 -0.461885 0.88701 -0.000430253 72.441 -0.0205253 -0.0102115 0.999621 0.120301
0.885594 0.4646 0.00593325 52.6498 -0.464498 0.885601 -0.0089027 72.2615 -0.00938289 0.00512538 0.999825 0.519217
0.883783 0.467542 0.0222576 53.4189 -0.467609 0.884008 -0.000244996 71.8065 -0.0197842 -0.0101968 0.999632 -2.66874
0.882437 0.470068 0.0224527 53.9574 -0.470126 0.882672 -0.000803293 71.5389 -0.0201897 -0.00985224 0.999625 -1.13248
0.880899 0.472935 0.0226017 54.5843 -0.472994 0.88114 -0.000952894 71.2205 -0.0203596 -0.0098566 0.99962 0.254275
0.880698 0.473355 0.0216244 54.9718 -0.473369 0.880935 -0.00275668 71.0428 -0.0203481 -0.00781378 0.999636 0.44727
0.881088 0.472725 0.0193377 55.6882 -0.472627 0.881305 -0.00767948 70.6188 -0.020666 -0.0023777 0.999655 0.541088
0.882381 0.470309 0.0192856 56.289 -0.470193 0.882599 -0.008539 70.3176 -0.0210307 -0.00153776 0.999647 -0.185137
0.884705 0.466266 0.0069968 56.8473 -0.465845 0.884442 -0.0298064 70.0228 -0.0200783 0.02311 0.999399 0.928126
0.886109 0.463203 0.0201871 57.6991 -0.463155 0.886339 -0.00536225 69.3606 -0.0203696 -0.0046034 0.999647 -4.59142
0.887952 0.459644 0.0205593 58.3647 -0.459575 0.888195 -0.00639038 69.1414 -0.0211911 -0.00377932 0.999632 -2.04364
0.889672 0.456128 0.0241348 59.047 -0.456085 0.889996 -0.0060146 68.8532 -0.0242167 -0.00566204 0.999552 -0.166977
0.891703 0.452156 0.023875 59.7185 -0.452096 0.892025 -0.00662 68.5327 -0.0242837 -0.0048962 0.999553 0.163833
0.89369 0.448168 0.0247166 60.4637 -0.448066 0.894043 -0.00838138 68.1511 -0.0258474 -0.00358967 0.999517 -0.0239128
0.895331 0.444826 0.0256631 61.2534 -0.444761 0.895704 -0.00708268 67.7664 -0.0261305 -0.00507828 0.999502 -0.271074
0.896932 0.441708 0.0234934 61.9459 -0.441637 0.897251 -0.00694659 67.4375 -0.0241409 -0.00415044 0.999554 0.215172
0.897467 0.440831 0.0190981 62.8505 -0.440815 0.897677 -0.00337329 66.9471 -0.0186234 -0.00539699 0.999664 -0.00781983
0.897831 0.440166 0.0171636 63.439 -0.440214 0.897979 0.00124014 66.7379 -0.0148587 -0.00867536 0.999702 -0.212436
0.897888 0.439938 0.0197981 64.215 -0.440063 0.898044 0.00439874 66.3463 -0.0158365 -0.0126691 0.999643 -0.334159
0.897893 0.439681 0.024654 64.9085 -0.439937 0.898085 0.00764896 66.0262 -0.0187708 -0.0177223 0.999513 -0.337692
0.897648 0.440132 0.0255135 65.6867 -0.440417 0.897845 0.00832992 65.6251 -0.0192334 -0.0187223 0.999484 0.186533
0.897837 0.439118 0.0346736 66.3287 -0.439785 0.898055 0.0157687 65.389 -0.0242077 -0.0294173 0.999117 -1.10056
0.898206 0.438891 0.0271252 67.1447 -0.439335 0.898291 0.0149436 64.9269 -0.0178 -0.0253493 0.999361 -0.491005
0.898109 0.438954 0.0292255 67.9022 -0.43933 0.898372 0.00913886 64.5656 -0.0222365 -0.0210563 0.99937 -0.341543
0.897541 0.440303 0.0262185 68.7291 -0.440583 0.897776 0.00735237 64.1428 -0.0202933 -0.0181588 0.999466 -0.194618
0.896216 0.442937 0.0271226 69.4478 -0.443239 0.896466 0.00756324 63.819 -0.0209568 -0.0188086 0.999438 -0.468898
0.89476 0.446491 0.0134454 70.1745 -0.446553 0.894839 0.00494029 63.4601 -0.00981651 -0.010431 0.99973 0.440421
0.892514 0.449809 0.0349438 70.8391 -0.450466 0.892767 0.0148464 63.0934 -0.0245113 -0.0290024 0.999109 -3.70806
0.889859 0.454846 0.0373436 71.7921 -0.45563 0.890105 0.0169291 62.6497 -0.0255324 -0.0320909 0.998987 -1.86944
0.885827 0.462011 0.0445529 72.5095 -0.463254 0.885999 0.0239662 62.1924 -0.0283944 -0.041883 0.998545 -1.10833
0.881461 0.46991 0.0483613 73.1496 -0.471474 0.881497 0.0291452 61.9693 -0.0289279 -0.0485067 0.998228 -0.0702318
0.876339 0.479608 0.0461887 73.9492 -0.481034 0.876358 0.0279035 61.4878 -0.0270879 -0.046686 0.998364 0.70919
0.871459 0.488449 0.0458627 74.5848 -0.489844 0.871483 0.0273162 61.164 -0.0266186 -0.0462851 0.998393 0.511688
0.86585 0.498975 0.0381293 75.3079 -0.499689 0.866212 0.0127982 60.759 -0.0266346 -0.0301449 0.999007 1.3363
0.859903 0.509149 0.038219 75.9936 -0.509834 0.860298 0.0115026 60.3687 -0.0270157 -0.029387 0.999017 -0.141791
0.855687 0.5174 0.0149477 76.5487 -0.517193 0.855855 -0.0141953 60.1549 -0.0201291 0.00441371 0.999599 1.35619
0.849808 0.526992 0.0152223 77.3647 -0.526782 0.849984 -0.0143465 59.5369 -0.0204905 0.00417061 0.999591 -2.10851
0.844593 0.535507 -0.00469507 77.9371 -0.535286 0.844035 -0.0353795 59.2604 -0.0149737 0.0323992 0.99917 -0.53891
0.83856 0.54467 0.0166624 78.4865 -0.544525 0.838778 -0.0111121 58.746 -0.0200196 0.000241369 0.999605 -4.63232
0.833079 0.553028 0.0162771 79.1589 -0.552884 0.833291 -0.0111602 58.4549 -0.0197264 0.000294235 0.999608 -1.47354
0.827628 0.561067 0.0190265 79.7938 -0.560996 0.82789 -0.00786943 58.0457 -0.020158 -0.00416582 0.999589 0.883615
0.822362 0.56845 0.026662 80.3863 -0.568536 0.82276 -0.00370394 57.647 -0.0240332 -0.0121194 0.999436 0.681172
0.817505 0.575727 0.018685 80.9857 -0.575663 0.817762 -0.00765334 57.1749 -0.0196767 -0.00450476 0.999592 2.62199
0.813221 0.581748 0.0191182 81.5092 -0.581674 0.813492 -0.00835332 56.8731 -0.0204026 -0.00433259 0.999576 1.71572
0.809949 0.586302 0.018926 82.0946 -0.586222 0.810218 -0.0086316 56.4492 -0.0203854 -0.0041088 0.999575 0.895506
0.807499 0.589813 0.0138011 82.7113 -0.589781 0.807664 -0.00469607 55.9458 -0.0139059 -0.00435288 0.999683 0.330413
0.805589 0.592472 0.0112644 83.3123 -0.592501 0.805683 0.00235274 55.5109 -0.00766998 -0.00857615 0.999721 -0.425609
0.805364 0.592885 -0.000359843 83.7585 -0.592849 0.805418 0.00456311 55.28 0.00300844 -0.00346703 0.999774 0.321088
0.804396 0.593912 0.0184537 84.4291 -0.593694 0.804669 -0.0150858 54.6568 -0.0237996 0.00117542 0.999498 -0.561804
0.805314 0.592666 0.0184196 84.8248 -0.592452 0.805588 -0.0149733 54.4837 -0.0237036 0.00114168 0.999499 0.0630457
0.807128 0.590155 0.019621 85.3865 -0.590078 0.807419 -0.00891797 54.0534 -0.0210955 -0.00438554 0.999546 0.419839
0.810039 0.586062 0.0221467 85.8055 -0.586016 0.810383 -0.0081579 53.7929 -0.0227185 -0.00637623 0.999498 0.630631
0.814616 0.579623 0.0236466 86.2686 -0.579561 0.815003 -0.00917545 53.5184 -0.0245808 -0.00623629 0.999453 0.645817
0.821117 0.5704 0.0230178 86.7592 -0.570371 0.82148 -0.00755529 53.2266 -0.0232083 -0.00693133 0.999479 0.543407
0.8291 0.558745 0.0226958 87.1076 -0.558705 0.829459 -0.00783477 53.0884 -0.0231928 -0.00619069 0.999482 0.629806
0.837999 0.545291 0.0230475 87.6312 -0.545283 0.838358 -0.00642123 52.7392 -0.0228133 -0.00719303 0.999483 0.417636
0.850555 0.525644 0.0191993 87.8538 -0.525655 0.85082 -0.00409729 52.8005 -0.0184778 -0.00661382 0.999574 0.878159
0.863134 0.504797 0.0170412 88.639 -0.504791 0.863364 -0.00425517 52.0502 -0.0168493 -0.0049356 0.999611 0.52976
0.877088 0.480164 0.0163489 88.9297 -0.480193 0.877295 -0.00178221 52.1186 -0.0151867 -0.00629412 0.999628 0.254977
0.892487 0.450886 0.016562 89.3868 -0.450916 0.892699 -0.00171621 51.9991 -0.0155469 -0.00594298 0.999623 0.57236
0.909475 0.415466 0.01862 89.8256 -0.415484 0.909731 -0.00296771 51.83 -0.0181607 -0.00504354 0.999583 0.434672
0.92573 0.377877 0.0182817 90.5966 -0.377864 0.925987 -0.00439344 51.2699 -0.0185774 -0.00284648 0.999582 0.756443
0.9418 0.335522 0.023164 90.9004 -0.33553 0.942158 -0.00393319 51.4712 -0.023133 -0.00407386 0.999481 0.0939797
0.957086 0.288755 0.0265401 91.457 -0.288754 0.95753 -0.00435578 51.3169 -0.0266604 -0.00350039 0.999394 0.905333
0.970866 0.237992 0.0295816 91.9681 -0.238083 0.971381 -0.000981764 51.1448 -0.0289586 -0.00609624 0.999316 0.466248
0.983525 0.180523 0.0136786 92.5007 -0.180458 0.983692 -0.00729432 51.0735 -0.01476 0.00470218 0.999632 1.94211
0.992687 0.120549 0.0117709 92.9171 -0.120467 0.992807 -0.00954222 51.2388 -0.0128241 0.0080518 0.999636 0.372011
0.998514 0.0550193 0.00667578 93.2191 -0.0549728 0.998557 -0.0114346 51.6829 -0.00728187 0.0110487 0.999662 0.674296
0.999989 -0.0110914 0.0025213 93.8845 0.0110885 0.99997 -0.0142573 51.2967 -0.00234894 0.0142839 0.999643 0.367916
0.996759 -0.0811425 -0.00107212 94.213 0.0810818 0.996776 -0.0113082 51.7378 0.00200126 0.0111821 0.999682 0.0776005
0.988651 -0.150637 -0.00032443 94.6953 0.150575 0.988671 -0.0107403 51.805 0.00195364 0.0105667 0.999687 -0.180984
0.975564 -0.219923 -0.00641819 95.1662 0.219784 0.975607 -0.011785 51.9612 0.00886962 0.010083 0.999653 0.939848
0.957766 -0.287726 -0.00642078 95.8357 0.287585 0.957816 -0.0113287 51.6046 0.00942576 0.00899983 0.999657 1.18687
0.936364 -0.351249 -0.00124402 96.2144 0.351126 0.936329 -0.0153376 52.011 0.00656769 0.0139227 0.999622 0.648912
0.910594 -0.413499 0.0024188 96.4329 0.413424 0.910563 -0.0136342 52.5415 0.00345024 0.0134129 0.999643 0.112592
0.881185 -0.472878 0.00906041 96.8903 0.472882 0.881187 -0.0105402 52.6553 -0.0029859 0.0135702 0.999642 -0.213714
0.849442 -0.527767 0.0102853 97.4018 0.52777 0.849477 -0.00763011 52.7275 -0.00469671 0.0119068 0.999655 0.698462
0.817084 -0.576636 0.00852684 98.1077 0.576571 0.817171 0.00107113 52.3196 -0.00757231 0.00403551 0.999699 1.88181
0.786349 -0.617894 0.00904319 98.8776 0.617795 0.786449 0.00498963 51.9223 -0.0101822 0.0016568 0.999682 1.87994
0.758236 -0.652118 0.00704206 99.2103 0.651963 0.75831 0.0101823 52.2214 -0.0119675 -0.00313758 0.999657 2.05028
0.73315 -0.680238 0.00227269 99.4592 0.680092 0.733168 0.0113387 52.64 -0.00936604 -0.0067769 0.999666 2.36371
0.710329 -0.704044 0.000658765 100.06 0.703905 0.710331 0.0115892 52.5022 -0.00861391 -0.00777846 0.999665 2.05379
0.693419 -0.720704 0.0029969 100.635 0.720591 0.693464 0.00647902 52.3859 -0.00673422 -0.00234127 0.999706 2.23044
0.682285 -0.731252 0.00384037 100.915 0.731125 0.682333 0.00792579 52.8791 -0.008403 -0.00260808 0.999692 2.12856
0.67368 -0.739196 0.00234709 100.936 0.739067 0.673713 0.00879418 53.7955 -0.00806866 -0.00419866 0.999688 2.60356
0.666131 -0.746011 -0.0016274 101.323 0.745881 0.666109 0.0122521 54.0277 -0.00804284 -0.00938613 0.999652 2.65955
0.661276 -0.750318 -0.00238655 101.792 0.750192 0.661245 0.0125788 54.2278 -0.00784668 -0.0101195 0.999646 2.36577
0.65928 -0.752032 -0.00831136 102.111 0.751983 0.659233 0.0113012 54.6239 -0.00300542 -0.0137132 0.999629 3.19492
0.658968 -0.752291 -0.00969067 102.6 0.752263 0.658929 0.0105662 54.8185 -0.00154889 -0.0142655 0.999623 2.65632
0.66101 -0.750534 -0.00647026 102.824 0.750472 0.661047 0.00365512 55.528 0.00154869 -0.00728205 0.999698 2.40197
0.664237 -0.747679 -0.00670876 103.284 0.747589 0.664311 -0.0031886 55.794 0.00685636 -0.00290617 0.999697 2.83195
0.667062 -0.745132 -0.0093687 103.548 0.744992 0.667175 -0.00879252 56.4152 0.0128187 -0.00112272 0.999642 3.34595
0.670068 -0.742255 -0.0186972 103.973 0.742287 0.670246 -0.000808856 56.8122 0.0131489 -0.0133496 0.999549 3.20532
0.674135 -0.738484 -0.0216399 104.46 0.738643 0.674237 0.00593304 57.115 0.0102252 -0.0199992 0.999472 2.64752
0.677475 -0.735466 -0.0201464 104.815 0.735633 0.677464 0.0108579 57.7622 0.00567823 -0.0221923 0.999461 2.17008
0.680841 -0.732523 -0.0125407 105.307 0.732543 0.68078 0.0125013 58.1587 -0.000605899 -0.0177121 0.999566 2.10266
0.682961 -0.730557 -0.0120356 105.634 0.730555 0.682809 0.017407 58.8127 -0.00448536 -0.0206962 0.999498 2.70175
0.685822 -0.727968 -0.00300633 106.23 0.727871 0.68583 0.00945205 58.9717 -0.00480584 -0.00868119 0.999673 3.06027
0.686333 -0.727495 -0.000578932 106.45 0.727382 0.686359 0.00908113 59.9291 -0.00619631 -0.00666354 0.99968 3.38306
0.686141 -0.727673 -0.00288107 107.015 0.727585 0.686206 -0.00170367 60.1018 0.00323106 -0.00093501 0.999715 4.31246
0.685455 -0.728284 -0.00800494 107.424 0.728188 0.685557 -0.00438733 60.6869 0.00869832 -0.0028304 0.999679 4.11186
0.683739 -0.72982 -0.0133188 107.852 0.729752 0.683897 -0.00428001 61.2962 0.0122481 -0.00680321 0.999622 4.15232
0.682013 -0.731407 -0.0148323 108.411 0.731405 0.682145 0.000516948 61.7461 0.00975506 -0.0112129 0.999609 3.47808
0.681427 -0.73096 -0.0409347 109.04 0.731988 0.680907 0.0289807 61.9804 0.00670422 -0.0497388 0.99846 4.00303
0.679891 -0.733287 -0.0191034 109.506 0.733441 0.67961 0.0218726 62.7677 -0.00304284 -0.0289005 0.999296 0.945156
0.678445 -0.734593 -0.0203767 109.993 0.734783 0.678144 0.022468 63.3648 -0.00267327 -0.0302346 0.999258 3.12786
0.677214 -0.735777 -0.0186638 110.507 0.73592 0.677152 0.0134945 63.7441 0.00272329 -0.0228896 0.999452 4.46605
0.67407 -0.738478 -0.0248771 110.793 0.738767 0.674075 0.0121231 64.7057 0.00783122 -0.0265675 0.999334 4.84122
0.671259 -0.740952 -0.0273289 111.57 0.741302 0.671299 0.0116024 64.8966 0.00976417 -0.028065 0.999275 3.8916
0.667906 -0.741487 -0.0666596 111.969 0.744127 0.667439 0.0333071 65.7004 0.0198115 -0.0718845 0.996934 5.46322
0.665471 -0.743844 -0.0647619 112.692 0.746349 0.664949 0.033465 66.1766 0.0181871 -0.0706395 0.997053 1.94046
0.664068 -0.744462 -0.0717235 113.298 0.74779 0.661946 0.0543842 66.6649 0.00700465 -0.0897906 0.995653 1.08093
0.663758 -0.743661 -0.0821608 113.789 0.748084 0.660545 0.0661502 67.3191 0.00509174 -0.105418 0.994133 2.30242
0.663999 -0.747205 -0.0340274 114.371 0.74789 0.663348 0.0310506 67.8821 -0.000616223 -0.0460892 0.99865 0.383936
0.663311 -0.747773 -0.0350167 114.783 0.748502 0.662566 0.0330577 68.7067 -0.00150603 -0.0481611 0.998551 3.64064
0.662122 -0.747414 -0.0578005 115.066 0.749474 0.661306 0.0361861 69.447 0.0111927 -0.0673108 0.997382 8.05988
0.66244 -0.746655 -0.0636961 115.909 0.749146 0.661612 0.0374694 69.8146 0.0141806 -0.0725719 0.996974 6.2326
0.663695 -0.748166 -0.0119938 116.555 0.748164 0.663758 0.00615401 70.4471 0.00337011 -0.0130657 0.999618 -0.182004
0.66598 -0.746034 -0.0171825 117.184 0.746135 0.665978 0.0111932 70.8745 0.00310591 -0.0202859 0.999497 4.09069
0.667317 -0.741586 -0.0715958 116.753 0.744834 0.665898 0.0466572 72.3684 0.0130897 -0.0845 0.996047 11.8847
0.669142 -0.740004 -0.0709485 117.871 0.743189 0.667807 0.0456747 72.6585 0.0135949 -0.0833279 0.996138 7.84095
0.672751 -0.737431 -0.0632148 118.851 0.739975 0.671532 0.0432471 72.7781 0.0105729 -0.0759053 0.996766 3.39945
0.673145 -0.73936 -0.0250239 119.003 0.739473 0.673478 -0.00170038 74.3501 0.0181258 -0.0173681 0.999389 -0.162977
0.673369 -0.739427 -0.0151844 120.143 0.739442 0.673517 0.00190694 74.3544 0.00883077 -0.0125182 0.999585 -0.558562
0.674088 -0.738681 -0.0191548 120.28 0.738632 0.674384 -0.00635423 75.5323 0.0176267 -0.00987006 0.999498 2.57957
0.677364 -0.735206 -0.0326295 121.343 0.735843 0.676798 0.0299415 75.3266 8.21147e-05 -0.0443115 0.998719 1.51124
0.678253 -0.73449 -0.0302437 121.68 0.734996 0.677377 0.0369578 76.4167 -0.00664828 -0.0473171 0.998558 1.86636
0.677365 -0.735198 -0.0329161 121.786 0.735686 0.675699 0.0512514 77.603 -0.0154297 -0.0589581 0.997841 2.15267
0.678214 -0.73432 -0.0350141 122.581 0.734969 0.676669 0.0487486 77.9088 -0.0120947 -0.0588222 0.997894 3.48927
0.677516 -0.734583 -0.0422877 122.968 0.735706 0.676769 0.0341432 78.7599 0.00355018 -0.0542672 0.998218 5.11543
0.67738 -0.734747 -0.0416743 123.641 0.735785 0.677056 0.0258277 79.3113 0.00925222 -0.0481788 0.998492 3.64168
0.67685 -0.735434 -0.0380692 124.083 0.73629 0.676574 0.0241517 80.1456 0.00800758 -0.0443956 0.998677 1.19285
0.675473 -0.737345 -0.0224289 124.617 0.737578 0.675485 0.0127959 80.9162 0.00572832 -0.0251962 0.99936 -0.169499
0.674591 -0.738449 -0.00834464 125.296 0.738311 0.674383 0.0240058 81.3796 -0.0120897 -0.022364 0.999369 -1.76009
0.674325 -0.738665 -0.01063 125.949 0.738598 0.674136 0.0221779 81.9512 -0.00920566 -0.0228155 0.999389 1.33422
0.673307 -0.739653 -0.00523174 126.441 0.739586 0.673394 0.00618118 82.4803 -0.00103682 -0.00803338 0.999658 4.26814
0.672812 -0.739388 -0.0330092 126.797 0.740023 0.671944 0.0366884 83.3043 -0.0049364 -0.049133 0.998471 5.37664
0.67161 -0.740243 -0.0379993 127.472 0.741128 0.670632 0.038449 83.8304 -0.00296775 -0.0540081 0.998226 4.80129
0.667744 -0.744588 -0.0132705 127.891 0.744594 0.667884 0.0034352 84.7124 0.0063185 -0.0121784 0.999594 3.53452
0.667871 -0.744593 -0.0018531 129.053 0.744436 0.667958 -0.0124155 84.421 0.0104967 0.00691782 0.999608 1.87269
0.639411 -0.768478 -0.0328846 127.389 0.76876 0.639926 -0.00201246 88.7171 0.0226055 -0.0240022 0.999142 3.76836
0.646768 -0.762935 -0.0104472 130.776 0.762908 0.646892 0.00363909 86.2583 0.00399422 -0.0103268 0.999623 -2.69407
0.608918 -0.793469 -0.0115292 128.295 0.793406 0.608765 0.0203193 91.0559 -0.00909446 -0.0215288 0.999411 0.842795
0.599032 -0.800715 0.0230374 130.412 0.80071 0.599428 0.00726992 90.0688 -0.0196212 0.0140989 0.999391 0.711655
0.597192 -0.802067 0.0238246 131.713 0.802042 0.597628 0.00883236 89.4905 -0.0213135 0.0138408 0.999359 4.20906
0.596095 -0.802888 0.0237322 132.268 0.802865 0.596528 0.00869188 90.0014 -0.0211266 0.0138795 0.999361 4.44932
0.593871 -0.80452 0.0243128 132.561 0.804558 0.594279 0.00614242 90.9963 -0.0193809 0.015921 0.999365 4.32122
0.590447 -0.806852 0.029899 132.979 0.807128 0.590819 -0.000683265 91.7688 -0.0171034 0.0245475 0.999231 4.02081
0.58007 -0.814466 -0.0264789 132.498 0.814767 0.579583 0.0275943 93.5567 -0.00711889 -0.0375984 0.998945 6.76844
0.574681 -0.818359 -0.0239423 133.87 0.818538 0.574123 0.0300841 93.1444 -0.0108654 -0.0369039 0.998937 0.90137
0.570056 -0.818603 -0.0739402 134.075 0.821309 0.570739 0.0154886 92.9355 0.0295351 -0.0695882 0.996817 7.10564
0.569654 -0.814892 -0.109466 135.568 0.820868 0.5712 0.02107 93.1758 0.0453717 -0.101906 0.993439 1.44865
0.566399 -0.816775 -0.112293 135.496 0.823182 0.567749 0.02395 94.491 0.0442059 -0.10605 0.993057 -2.85457
0.562086 -0.819316 -0.11543 135.842 0.825919 0.56389 0.0207723 95.3736 0.0480847 -0.107059 0.992768 -2.31511
0.554904 -0.823989 -0.116927 136.08 0.830286 0.557709 0.0115499 96.339 0.0557089 -0.103536 0.992742 -2.4564
0.548734 -0.828147 -0.116692 136.632 0.834046 0.552173 0.00479081 96.8344 0.0604823 -0.0999977 0.992824 -2.86375
0.543816 -0.830751 -0.12114 137.431 0.837185 0.547396 0.00574344 97.0242 0.0615553 -0.104584 0.992285 -2.64488
0.538378 -0.833452 -0.12676 137.785 0.840932 0.541509 0.0125317 97.8786 0.0582108 -0.113392 0.99152 -2.98791
0.531279 -0.837372 -0.130832 138.046 0.84536 0.534569 0.0127066 98.8015 0.0593116 -0.1174 0.990987 -2.09892
0.523152 -0.84168 -0.135856 138.342 0.850071 0.527125 0.00898509 99.6813 0.0640635 -0.120238 0.990351 -1.60615
0.515507 -0.846449 -0.135479 138.918 0.854659 0.519693 0.00638984 100.172 0.0650118 -0.119131 0.990422 -2.8938
0.508906 -0.850502 -0.135071 139.475 0.858728 0.512938 0.00692081 100.695 0.0634089 -0.11956 0.990473 -3.11956
0.503081 -0.853898 -0.13549 139.858 0.862882 0.505624 0.0186434 101.427 0.052597 -0.126344 0.990264 -3.60627
0.496929 -0.857711 -0.134123 140.219 0.866842 0.498535 0.0248758 102.267 0.0455365 -0.128679 0.990312 -3.25505
0.490347 -0.861971 -0.13103 140.496 0.870873 0.49125 0.028733 103.134 0.0396078 -0.128253 0.990621 -2.62495
0.485479 -0.864818 -0.130411 141.143 0.873682 0.486182 0.0297113 103.562 0.0377144 -0.128415 0.990673 -1.92575
0.481149 -0.867073 -0.131501 141.386 0.87605 0.481955 0.0289097 104.501 0.038316 -0.129164 0.990552 -2.08387
0.476624 -0.868753 -0.136789 141.762 0.878408 0.477691 0.0281959 105.256 0.0408528 -0.13365 0.989855 -1.73936
0.472331 -0.869871 -0.144375 142.162 0.88045 0.474083 0.0253182 105.919 0.0464273 -0.139129 0.988854 -1.46409
0.469289 -0.87096 -0.147697 142.631 0.88187 0.471591 0.022341 106.488 0.0502 -0.14079 0.988434 -2.0785
0.466831 -0.871505 -0.152212 142.971 0.883086 0.469302 0.0225951 107.303 0.0517464 -0.145022 0.987743 -1.92256
0.466484 -0.872256 -0.148955 143.484 0.883942 0.466893 0.0354445 107.815 0.0386314 -0.148261 0.987861 -4.27028
0.464792 -0.873618 -0.146254 143.745 0.885129 0.464093 0.042029 108.849 0.0311586 -0.149049 0.988006 -3.55884
0.460339 -0.876058 -0.145762 143.811 0.887453 0.459744 0.0408535 110.027 0.0312232 -0.148222 0.988127 -2.42454
0.455448 -0.879052 -0.143093 144.185 0.889841 0.45563 0.0345498 110.662 0.0348275 -0.143121 0.988756 -1.70132
0.447672 -0.885045 -0.130147 144.361 0.893536 0.449217 0.0201993 111.612 0.0405905 -0.125379 0.990939 -2.00222
0.440075 -0.88805 -0.135494 144.959 0.897259 0.441718 0.0205877 112.129 0.0415699 -0.13068 0.990214 -0.98531
0.434637 -0.891229 -0.132154 145.508 0.900158 0.43558 0.0245004 112.539 0.0357297 -0.129655 0.990575 -2.66665
0.429745 -0.894317 -0.127223 146.078 0.902648 0.43034 0.0255114 113.014 0.0319347 -0.125845 0.991194 -3.86151
0.425189 -0.897425 -0.120494 146.462 0.904932 0.425499 0.0258426 113.774 0.0280788 -0.120068 0.992025 -4.03962
0.418834 -0.902025 -0.107771 146.513 0.907947 0.419303 0.0209622 114.883 0.0262815 -0.106664 0.993602 -4.14337
0.41217 -0.907438 -0.0858411 146.809 0.910841 0.413486 0.00481974 115.752 0.0311253 -0.080193 0.995944 -4.01319
0.404976 -0.910126 -0.0914694 147.369 0.913677 0.407192 -0.00405514 116.269 0.0409423 -0.0819498 0.995446 -0.702
0.397747 -0.908509 -0.130782 148.21 0.91724 0.398443 0.0232819 116.241 0.0309562 -0.129264 0.990781 3.19867
0.392168 -0.910904 -0.130995 148.901 0.919809 0.39214 0.0284206 116.88 0.025477 -0.131682 0.990618 -0.275189
0.387163 -0.915038 -0.116283 149.288 0.921554 0.388952 0.00941885 117.771 0.0366109 -0.11084 0.992814 -0.814798
0.386396 -0.91369 -0.128758 149.301 0.92191 0.387916 0.0155199 118.545 0.0357661 -0.124741 0.991195 -0.170891
0.383635 -0.916256 -0.118389 149.348 0.923591 0.383005 0.0304176 119.664 0.0174693 -0.121052 0.992142 -4.71886
0.381674 -0.916826 -0.120312 149.864 0.924206 0.382113 0.0218482 120.399 0.0259392 -0.11957 0.992135 -0.0271211
0.377339 -0.904745 -0.199349 149.755 0.926325 0.367126 0.088172 121.401 -0.00660758 -0.218029 0.975586 4.47
0.37517 -0.905698 -0.199125 150.551 0.927216 0.365356 0.0861608 121.784 -0.00530463 -0.217051 0.975811 0.912641
0.366486 -0.909849 -0.196376 149.612 0.930696 0.357896 0.0797185 124.012 -0.00226904 -0.212072 0.976914 -1.75984
0.382799 -0.910241 -0.160121 151.787 0.923972 0.380138 0.0492962 123.243 0.0159859 -0.16688 0.9855 -3.70181
0.38355 -0.910277 -0.15812 150.314 0.92375 0.379859 0.0552898 126.337 0.00972241 -0.167332 0.985504 -3.42303
0.380607 -0.911554 -0.157883 150.174 0.924942 0.377383 0.0522702 127.818 0.0119234 -0.165987 0.985706 -1.86189
0.377717 -0.91241 -0.15988 150.511 0.926036 0.375471 0.0463933 128.632 0.0176895 -0.165637 0.985677 -1.11215
0.373487 -0.914683 -0.15682 150.614 0.927426 0.373632 0.0309423 129.66 0.0302828 -0.157047 0.986774 -1.39722
0.371137 -0.916512 -0.151648 151.206 0.928273 0.371949 0.025388 130.106 0.0331305 -0.150241 0.987739 -3.00859
0.370429 -0.915967 -0.156592 151.873 0.928709 0.370341 0.0321164 130.559 0.0285661 -0.157376 0.98677 -2.95684
0.37253 -0.915919 -0.151828 152.044 0.928298 0.36853 0.0559976 131.293 0.00464984 -0.161859 0.986448 -5.68839
0.371413 -0.917208 -0.14671 151.942 0.928758 0.366987 0.0584708 132.715 0.000196546 -0.15803 0.987077 -2.96913
0.446484 -0.891952 -0.0761616 159.798 0.894773 0.447207 0.0112816 126.981 0.0239999 -0.073187 0.996662 -4.70161
0.501868 -0.859869 -0.0971975 159.509 0.864922 0.501863 0.0286207 126.625 0.0241682 -0.0984486 0.994482 1.18806
0.519652 -0.848717 -0.101613 155.947 0.854534 0.513763 0.0812475 128.368 -0.0167652 -0.129092 0.991127 -5.39854
0.529611 -0.821548 -0.212605 152.456 0.84802 0.50361 0.167317 131.267 -0.0304274 -0.269029 0.962321 6.58172
0.529662 -0.820788 -0.215396 152.036 0.847883 0.502182 0.172237 133.125 -0.033242 -0.273982 0.960831 -0.19825
0.499736 -0.864227 -0.0639014 150.431 0.866362 0.499842 0.019198 137.233 0.0153519 -0.0649506 0.997398 -6.74385
0.493496 -0.867949 -0.061974 151.258 0.869452 0.494815 -0.00239648 138.192 0.0327533 -0.0526856 0.9977 -1.37622
0.468031 -0.867363 -0.171242 151.394 0.883886 0.462814 0.0729874 138.894 0.0159289 -0.185583 0.98214 0.379652
0.465956 -0.867929 -0.174015 154.887 0.884888 0.461535 0.0688603 136.012 0.0205308 -0.186133 0.98195 -4.91751
0.442724 -0.885901 -0.14108 155.032 0.896942 0.436124 0.0778561 135.262 -0.00746252 -0.161062 0.98655 -12.0198
0.441475 -0.886939 -0.138461 159.07 0.897435 0.433484 0.0864602 132.01 -0.0166847 -0.162484 0.986204 -6.13529
0.449549 -0.878103 -0.166004 160.392 0.893414 0.438358 0.102128 130.571 -0.0169361 -0.194294 0.980436 1.53588
0.42655 -0.894343 -0.137665 157.019 0.904765 0.420922 0.0707215 133.162 -0.00532009 -0.154767 0.987567 3.15681
0.407981 -0.912493 -0.041097 157.185 0.913279 0.407461 0.0259495 133.594 -0.0069314 -0.0481033 0.998437 -5.93643
0.415374 -0.859176 -0.299887 152.389 0.908141 0.370698 0.196416 137.331 -0.0576521 -0.3541 0.933127 5.78867
0.447607 -0.779706 -0.438381 147.11 0.888368 0.33004 0.32014 141.348 -0.105037 -0.533032 0.839385 7.82763
0.488632 -0.775831 -0.399782 149.331 0.867748 0.382637 0.318202 140.843 -0.093997 -0.502662 0.859161 0.228704
0.507759 -0.800051 -0.320437 150.209 0.859265 0.44142 0.259898 140.997 -0.0665583 -0.407508 0.910499 -4.80506
0.501745 -0.817125 -0.284921 149.727 0.864942 0.463571 0.194349 143.842 -0.0267801 -0.344108 0.938234 -3.19188
0.507298 -0.814576 -0.282376 151.921 0.861634 0.468341 0.197594 142.344 -0.0287612 -0.343696 0.938325 -8.04554
